IASP91 with density 0
0 0 0
85 14 38 82
0. 0. 11.2409 3.5645 500
100.000 0. 11.2399 3.5637  500
200.000 0. 11.2369 3.5611  500
300.000 0. 11.2319 3.5569  500
400.000 0. 11.2248 3.5509  500
500.000 0. 11.2157 3.5433  500
600.000 0. 11.2046 3.5339  500
700.000 0. 11.1915 3.5229  500
800.000 0. 11.1763 3.5101  500
900.000 0. 11.1592 3.4956  500
1000.00 0. 11.1400 3.4795  500
1100.00 0. 11.1188 3.4616  500
1200.00 0. 11.0956 3.4421  500
1217.10 0. 11.0914 3.4385  500
1217.10 0. 10.2578 0.  0
1300.00 0. 10.2364 0.  0
1400.00 0. 10.2044 0.  0
1500.00 0. 10.1657 0.  0
1600.00 0. 10.1203 0.  0
1700.00 0. 10.0681 0.  0
1800.00 0. 10.0092 0.  0
1900.00 0. 9.9435 0.  0
2000.00 0. 9.8711 0.  0
2100.00 0. 9.7920 0.  0
2200.00 0. 9.7062 0.  0
2300.00 0. 9.6136 0.  0
2400.00 0. 9.5142 0.  0
2500.00 0. 9.4082 0.  0
2600.00 0. 9.2954 0.  0
2700.00 0. 9.1758 0.  0
2800.00 0. 9.0496 0.  0
2900.00 0. 8.9166 0.  0
3000.00 0. 8.7768 0.  0
3100.00 0. 8.6303 0.  0
3200.00 0. 8.4771 0.  0
3300.00 0. 8.3171 0.  0
3400.00 0. 8.1504 0.  0
3482.00 0. 8.0087 0.  0
3482.00 0. 13.6908 7.3015  340
3500.00 0. 13.6866 7.2970  340
3600.00 0. 13.6636 7.2722  340
3631.00 0. 13.6564 7.2645  340
3631.00 0. 13.6564 7.2645  340
3700.00 0. 13.5725 7.2302  340
3800.00 0. 13.4531 7.1819  340
3900.00 0. 13.3359 7.1348  340
4000.00 0. 13.2203 7.0888  340
4100.00 0. 13.1055 7.0434  340
4200.00 0. 12.9911 6.9983  340
4300.00 0. 12.8764 6.9532  340
4400.00 0. 12.7607 6.9078  340
4500.00 0. 12.6435 6.8617  340
4600.00 0. 12.5241 6.8147  340
4700.00 0. 12.4020 6.7663  340
4800.00 0. 12.2764 6.7163  340
4900.00 0. 12.1469 6.6643  340
5000.00 0. 12.0127 6.6101  340
5100.00 0. 11.8732 6.5532  340
5200.00 0. 11.7279 6.4933  340
5300.00 0. 11.5761 6.4302  340
5400.00 0. 11.4172 6.3635  340
5500.00 0. 11.2506 6.2929  340
5600.00 0. 11.0756 6.2180  340
5611.00 0. 11.0558 6.2095  340
5611.00 0. 11.0558 6.2095  340
5700.00 0. 10.8192 5.9785  340
5711.00 0. 10.7900 5.9500  340
5711.00 0. 10.2000 5.6000  340
5800.00 0. 9.9010 5.4113  340
5900.00 0. 9.5650 5.1993  340
5961.00 0. 9.3600 5.0700  340
5961.00 0. 9.0300 4.8700  340
6000.00 0. 8.8877 4.8021  340
6100.00 0. 8.5227 4.6281  340
6161.00 0. 8.3000 4.5220  340
6161.00 0. 8.3000 4.5180  100
6200.00 0. 8.1917 4.5102  100
6251.00 0. 8.0500 4.5000  100
6251.00 0. 8.0500 4.5000  340
6300.00 0. 8.0442 4.4827  340
6336.00 0. 8.0400 4.4700  340
6336.00 0. 6.5000 3.7500  600
6351.00 0. 6.5000 3.7500  600
6351.00 0. 5.8000 3.3600  600
6371.00 0. 5.8000 3.3600  600
