1998988 -9.250000 107.4100 34.00000 32.70060 -112.2279 0.6062000 115A 0
1998988 -9.250000 107.4100 34.00000 32.56180 -111.7042 0.4773000 116A 0
1998988 -9.250000 107.4100 34.00000 42.30120 -83.65670 0.1720000 AAM 0
1998988 -9.250000 107.4100 34.00000 40.23190 -82.98200 0.2880000 ACSO 0
1998988 -9.250000 107.4100 34.00000 34.88370 -101.6808 1.010000 AMTX 0
1998988 -9.250000 107.4100 34.00000 34.94598 -106.4571 1.671700 ANMO 0
1998988 -9.250000 107.4100 34.00000 34.94591 -106.4571 1.768100 ANMO 0
1998988 -9.250000 107.4100 34.00000 42.19930 -75.98610 0.4980000 BINY 0
1998988 -9.250000 107.4100 34.00000 37.21130 -80.42100 0.6340000 BLA 0
1998988 -9.250000 107.4100 34.00000 39.17190 -86.52220 0.2460000 BLO 0
1998988 -9.250000 107.4100 34.00000 40.43140 -117.2210 1.594000 BMN 0
1998988 -9.250000 107.4100 34.00000 45.64700 -111.6296 1.589000 BOZ 0
1998988 -9.250000 107.4100 34.00000 42.76670 -109.5583 2.224000 BW06 0
1998988 -9.250000 107.4100 34.00000 38.20460 -77.37320 7.0000000E-02 CBN 0
1998988 -9.250000 107.4100 34.00000 38.05570 -91.24460 0.1710000 CCM 0
1998988 -9.250000 107.4100 34.00000 33.40190 -118.4150 0.4770000 CIA 0
1998988 -9.250000 107.4100 34.00000 64.87360 -147.8616 7.9999998E-02 COLA 0
1998988 -9.250000 107.4100 34.00000 64.87360 -147.8616 0.2000000 COLA 0
1998988 -9.250000 107.4100 34.00000 33.56540 -116.7373 1.128000 CRY 0
1998988 -9.250000 107.4100 34.00000 47.11090 -122.8035 3.1100001E-02 D04A 0
1998988 -9.250000 107.4100 34.00000 34.63745 -115.3811 0.4280000 DAN 0
1998988 -9.250000 107.4100 34.00000 40.19500 -112.8133 1.477000 DUG 0
1998988 -9.250000 107.4100 34.00000 28.11030 -81.43270 -0.1320000 DWPF 0
1998988 -9.250000 107.4100 34.00000 43.73370 -96.61410 0.4329000 ECSD 0
1998988 -9.250000 107.4100 34.00000 43.73370 -96.61410 0.3506000 ECSD 0
1998988 -9.250000 107.4100 34.00000 34.88110 -117.9939 0.7720000 EDW2 0
1998988 -9.250000 107.4100 34.00000 48.02400 -109.7547 1.055000 EGMT 0
1998988 -9.250000 107.4100 34.00000 40.61830 -120.7279 1.553000 ELFS 0
1998988 -9.250000 107.4100 34.00000 40.74480 -115.2388 2.210000 ELK 0
1998988 -9.250000 107.4100 34.00000 42.11750 -79.98910 0.3063000 ERPA 0
1998988 -9.250000 107.4100 34.00000 47.94620 -91.49500 0.4750000 EYMN 0
1998988 -9.250000 107.4100 34.00000 37.98120 -90.42730 0.1370000 FVM 0
1998988 -9.250000 107.4100 34.00000 33.05149 -114.8271 0.6100000 GLA 0
1998988 -9.250000 107.4100 34.00000 29.96180 -95.83840 -0.4130000 HKT 0
1998988 -9.250000 107.4100 34.00000 43.56250 -114.4138 1.772000 HLID 0
1998988 -9.250000 107.4100 34.00000 42.50640 -71.55830 0.2000000 HRV 0
1998988 -9.250000 107.4100 34.00000 41.60690 -111.5652 1.830000 HWUT 0
1998988 -9.250000 107.4100 34.00000 39.79970 -105.6134 2.743000 ISCO 0
1998988 -9.250000 107.4100 34.00000 33.08590 -116.5959 1.264000 JCS 0
1998988 -9.250000 107.4100 34.00000 30.47940 -99.80220 0.5910000 JCT 0
1998988 -9.250000 107.4100 34.00000 37.32363 -119.3187 0.8881000 KCC 0
1998988 -9.250000 107.4100 34.00000 57.78280 -152.5835 0.1520000 KDAK 0
1998988 -9.250000 107.4100 34.00000 57.78280 -152.5835 0.1520000 KDAK 0
1998988 -9.250000 107.4100 34.00000 42.15600 -123.6018 0.4846000 L02A 0
1998988 -9.250000 107.4100 34.00000 42.01920 -117.6667 1.430500 L09A 0
1998988 -9.250000 107.4100 34.00000 46.68850 -106.2231 0.9020000 LAO 0
1998988 -9.250000 107.4100 34.00000 44.24010 -71.92590 0.3670000 LBNH 0
1998988 -9.250000 107.4100 34.00000 34.10819 -119.0659 0.4160000 LGU 0
1998988 -9.250000 107.4100 34.00000 44.61970 -74.58290 0.4400000 LONY 0
1998988 -9.250000 107.4100 34.00000 33.03480 -86.99780 0.1300000 LRAL 0
1998988 -9.250000 107.4100 34.00000 35.47954 -117.6821 1.340000 LRL 0
1998988 -9.250000 107.4100 34.00000 30.53740 -90.76600 2.1000000E-02 LTL 0
1998988 -9.250000 107.4100 34.00000 29.33390 -103.6669 1.013000 LTX 0
1998988 -9.250000 107.4100 34.00000 41.78260 -121.8393 1.391000 M04C 0
1998988 -9.250000 107.4100 34.00000 41.42300 -117.4497 1.355800 M09A 0
1998988 -9.250000 107.4100 34.00000 41.43110 -115.7912 1.849000 M11A 0
1998988 -9.250000 107.4100 34.00000 41.41570 -114.9151 1.930000 M12A 0
1998988 -9.250000 107.4100 34.00000 41.36020 -114.1655 1.514000 M13A 0
1998988 -9.250000 107.4100 34.00000 39.65810 -79.84560 0.2800000 MCWV 0
1998988 -9.250000 107.4100 34.00000 34.54540 -93.57650 0.2070000 MIAR 0
1998988 -9.250000 107.4100 34.00000 38.87874 -122.4428 0.7099000 MNRC 0
1998988 -9.250000 107.4100 34.00000 38.43280 -118.1531 1.524000 MNV 0
1998988 -9.250000 107.4100 34.00000 32.89270 -116.4225 1.920000 MONP 0
1998988 -9.250000 107.4100 34.00000 35.12300 -89.93200 9.3000002E-02 MPH 0
1998988 -9.250000 107.4100 34.00000 36.05799 -117.4890 1.839000 MPM 0
1998988 -9.250000 107.4100 34.00000 34.88848 -119.8136 1.739000 MPP 0
1998988 -9.250000 107.4100 34.00000 46.82920 -113.9406 1.264000 MSO 0
1998988 -9.250000 107.4100 34.00000 34.22362 -118.0583 1.725000 MWC 0
1998988 -9.250000 107.4100 34.00000 40.78110 -118.1337 1.492900 N08A 0
1998988 -9.250000 107.4100 34.00000 40.85200 -117.5244 1.617300 N09A 0
1998988 -9.250000 107.4100 34.00000 40.71860 -116.5080 1.392000 N10A 0
1998988 -9.250000 107.4100 34.00000 40.81670 -115.7360 1.643000 N11A 0
1998988 -9.250000 107.4100 34.00000 40.85220 -115.0387 1.786000 N12A 0
1998988 -9.250000 107.4100 34.00000 40.85560 -114.2045 1.385000 N13A 0
1998988 -9.250000 107.4100 34.00000 31.75980 -94.66100 0.1680000 NATX 0
1998988 -9.250000 107.4100 34.00000 43.97080 -74.22360 0.5000000 NCB 0
1998988 -9.250000 107.4100 34.00000 39.99710 -122.0319 8.5000001E-02 O03C 0
1998988 -9.250000 107.4100 34.00000 40.16140 -118.8772 1.203000 O07A 0
1998988 -9.250000 107.4100 34.00000 40.16970 -117.1899 1.491700 O09A 0
1998988 -9.250000 107.4100 34.00000 40.29170 -116.4999 1.470000 O10A 0
1998988 -9.250000 107.4100 34.00000 40.13130 -115.6570 1.948000 O11A 0
1998988 -9.250000 107.4100 34.00000 40.26790 -114.7454 1.743000 O12A 0
1998988 -9.250000 107.4100 34.00000 38.73380 -88.09910 0.1500000 OLIL 0
1998988 -9.250000 107.4100 34.00000 34.51180 -89.40920 0.1010000 OXF 0
1998988 -9.250000 107.4100 34.00000 39.55160 -117.1395 1.737700 P09A 0
1998988 -9.250000 107.4100 34.00000 39.62020 -116.4639 1.874000 P10A 0
1998988 -9.250000 107.4100 34.00000 39.55300 -115.7536 1.787000 P11A 0
1998988 -9.250000 107.4100 34.00000 39.47310 -114.9075 1.878000 P12A 0
1998988 -9.250000 107.4100 34.00000 41.00560 -73.90790 6.6000000E-02 PAL 0
1998988 -9.250000 107.4100 34.00000 34.30336 -114.1415 0.1440000 PDM 0
1998988 -9.250000 107.4100 34.00000 45.26440 -69.29170 0.1085000 PKME 0
1998988 -9.250000 107.4100 34.00000 33.35361 -116.8626 1.691000 PLM 0
1998988 -9.250000 107.4100 34.00000 36.41370 -89.69970 9.8300003E-02 PVMO 0
1998988 -9.250000 107.4100 34.00000 38.86060 -117.9316 1.411500 Q08A 0
1998988 -9.250000 107.4100 34.00000 38.84550 -115.6541 1.562000 Q11A 0
1998988 -9.250000 107.4100 34.00000 38.08900 -119.0469 1.996000 R07C 0
1998988 -9.250000 107.4100 34.00000 38.28860 -116.3021 1.600000 R10A 0
1998988 -9.250000 107.4100 34.00000 33.63000 -116.8478 1.365000 RDM 0
1998988 -9.250000 107.4100 34.00000 44.12040 -104.0360 2.060000 RSSD 0
1998988 -9.250000 107.4100 34.00000 44.12120 -104.0359 2.022700 RSSD 0
1998988 -9.250000 107.4100 34.00000 44.12120 -104.0359 2.087000 RSSD 0
1998988 -9.250000 107.4100 34.00000 37.88170 -119.8488 1.377000 S06C 0
1998988 -9.250000 107.4100 34.00000 37.49930 -118.1711 3.087000 S08C 0
1998988 -9.250000 107.4100 34.00000 37.72430 -117.2246 1.767800 S09A 0
1998988 -9.250000 107.4100 34.00000 41.90690 -93.21530 0.3115000 SCIA 0
1998988 -9.250000 107.4100 34.00000 37.74560 -105.5012 2.569000 SDCO 0
1998988 -9.250000 107.4100 34.00000 37.71480 -89.21740 0.1200000 SIUC 0
1998988 -9.250000 107.4100 34.00000 35.89095 -117.2833 1.174000 SLA 0
1998988 -9.250000 107.4100 34.00000 38.63610 -90.23640 0.1860000 SLM 0
1998988 -9.250000 107.4100 34.00000 33.55190 -116.6129 1.358000 SND 0
1998988 -9.250000 107.4100 34.00000 32.84100 -117.2480 0.2450000 SOL 0
1998988 -9.250000 107.4100 34.00000 40.63580 -77.88760 0.1700000 SSPA 0
1998988 -9.250000 107.4100 34.00000 40.63580 -77.88760 0.2680000 SSPA 0
1998988 -9.250000 107.4100 34.00000 32.94080 -115.7958 0.1400000 SWS 0
1998988 -9.250000 107.4100 34.00000 32.30980 -110.7847 0.9090000 TUC 0
1998988 -9.250000 107.4100 34.00000 35.43584 -115.9239 1.350000 TUQ 0
1998988 -9.250000 107.4100 34.00000 36.54390 -83.54900 0.3940000 TZTN 0
1998988 -9.250000 107.4100 34.00000 36.41930 -116.3297 0.6680000 U10A 0
1998988 -9.250000 107.4100 34.00000 36.43210 -114.5388 0.6440000 U12A 0
1998988 -9.250000 107.4100 34.00000 34.77510 -92.34290 0.1380000 UALR 0
1998988 -9.250000 107.4100 34.00000 37.96500 -87.66600 0.1707000 USIN 0
1998988 -9.250000 107.4100 34.00000 36.34240 -88.86540 0.1200000 UTMT 0
1998988 -9.250000 107.4100 34.00000 35.72660 -114.8511 1.098000 V12A 0
1998988 -9.250000 107.4100 34.00000 35.30100 -114.8701 0.7745000 W12A 0
1998988 -9.250000 107.4100 34.00000 35.09900 -113.8854 1.988200 W13A 0
1998988 -9.250000 107.4100 34.00000 35.21270 -113.0834 1.756300 W14A 0
1998988 -9.250000 107.4100 34.00000 35.17870 -112.2666 2.034200 W15A 0
1998988 -9.250000 107.4100 34.00000 38.22900 -86.29381 0.5000000 WCI 0
1998988 -9.250000 107.4100 34.00000 38.22890 -86.29390 7.8000002E-02 WCI 0
1998988 -9.250000 107.4100 34.00000 39.30170 -119.7563 1.704000 WCN 0
1998988 -9.250000 107.4100 34.00000 33.57360 -116.6747 1.271000 WMC 0
1998988 -9.250000 107.4100 34.00000 34.73790 -98.78100 0.4860000 WMOK 0
1998988 -9.250000 107.4100 34.00000 34.73790 -98.78100 0.4860000 WMOK 0
1998988 -9.250000 107.4100 34.00000 34.46920 -112.8906 1.077500 X14A 0
1998988 -9.250000 107.4100 34.00000 34.48660 -112.2368 1.331800 X15A 0
1998988 -9.250000 107.4100 34.00000 33.93830 -113.0048 0.7307000 Y14A 0
1998988 -9.250000 107.4100 34.00000 34.07410 -106.9211 1.436000 Y22C 0
1998988 -9.250000 107.4100 34.00000 33.16660 -116.3539 0.4300000 YAQ 0
1998988 -9.250000 107.4100 34.00000 33.36270 -112.9458 0.2978000 Z14A 0
